0 50
1 50
2 51
3 51
4 52
5 52
6 52
7 53
8 53
9 54
10 55
11 55
12 55
13 56
14 57
15 57
16 58
17 58
18 58
19 59
20 59
21 60
22 60
23 60
24 61
25 61
26 62
27 62
28 63
29 63
30 63
31 64
32 64
33 64
34 65
35 65
36 66
37 66
38 66
39 67
40 67
41 67
42 67
43 68
44 68
45 69
46 69
47 69
48 69
49 70
50 70
51 70
52 71
53 71
54 71
55 71
56 72
57 72
58 72
59 72
60 72
61 73
62 73
63 73
64 73
65 74
66 74
67 74
68 74
69 75
70 75
71 75
72 75
73 76
74 76
75 76
76 76
77 76
78 76
79 77
80 77
81 77
82 77
83 77
84 77
85 78
86 78
87 78
88 78
89 78
90 79
91 79
92 79
93 79
94 79
95 80
96 80
97 80
98 80
99 80
100 81
101 81
102 81
103 81
104 81
105 81
106 82
107 82
108 82
109 82
110 82
111 82
112 82
113 83
114 83
115 83
116 83
117 83
118 83
119 83
120 83
121 84
122 84
123 84
124 84
125 84
126 84
127 84
128 84
129 85
130 85
131 85
132 85
133 85
134 85
135 85
136 85
137 86
138 86
139 86
140 86
141 86
142 86
143 86
144 87
145 87
146 87
147 87
148 87
149 87
150 87
151 87
152 87
153 88
154 88
155 88
156 88
157 88
158 88
159 88
160 88
161 88
162 88
163 89
164 89
165 89
166 89
167 89
168 89
169 89
170 90
171 90
172 90
173 90
174 90
175 90
176 90
177 90
178 90
179 90
180 90
181 91
182 91
183 91
184 91
185 91
186 91
187 91
188 91
189 91
190 91
191 91
192 92
193 92
194 92
195 92
196 92
197 92
198 92
199 92
200 92
201 92
202 92
203 92
204 92
205 93
206 93
207 93
208 93
209 93
210 93
211 93
212 93
213 93
214 93
215 93
216 93
217 93
218 93
219 93
220 93
221 93
222 93
223 93
224 93
225 93
226 93
227 93
228 94
229 94
230 94
231 94
232 94
233 94
234 94
235 94
236 94
237 94
238 94
239 94
240 94
241 94
242 94
243 94
244 94
245 95
246 95
247 95
248 95
249 95
250 95
251 95
252 95
253 95
254 95
255 95
256 95
257 95
258 95
259 95
260 95
261 95
262 95
263 95
264 95
265 95
266 95
267 95
268 95
269 96
270 96
271 96
272 96
273 96
274 96
275 96
276 96
277 96
278 96
279 96
280 96
281 96
282 96
283 96
284 96
285 96
286 96
287 96
288 96
289 96
290 96
291 96
292 96
293 96
294 96
295 96
296 97
297 97
298 97
299 97
300 97
301 97
302 97
303 97
304 97
305 97
306 97
307 97
308 97
309 97
310 97
311 97
312 97
313 97
314 97
315 97
316 97
317 97
318 97
319 97
320 97
321 97
322 97
323 97
324 97
325 97
326 97
327 97
328 97
329 97
330 97
331 97
332 97
333 97
334 97
335 97
336 97
337 97
338 97
339 97
340 97
341 97
342 97
343 97
344 97
345 97
346 97
347 97
348 97
349 97
350 97
351 97
352 97
353 97
354 98
355 98
356 98
357 98
358 98
359 98
360 98
361 98
362 98
363 98
364 98
365 98
366 98
367 98
368 98
369 98
370 98
371 98
372 98
373 98
374 98
375 98
376 98
377 98
378 98
379 98
380 98
381 98
382 98
383 98
384 98
385 98
386 98
387 98
388 98
389 98
390 98
391 98
392 98
393 98
394 98
395 98
396 98
397 98
398 98
399 98
400 98
401 98
402 98
403 98
404 98
405 98
406 98
407 98
408 98
409 98
410 98
411 98
412 98
413 98
414 98
415 98
416 98
417 98
418 98
419 98
420 98
421 98
422 98
423 98
424 98
425 98
426 98
427 98
428 98
429 98
430 99
431 99
432 99
433 99
434 99
435 99
436 99
437 99
438 99
439 99
440 99
441 99
442 99
443 99
444 99
445 99
446 99
447 99
448 99
449 99
450 99
451 99
452 99
453 99
454 99
455 99
456 99
457 99
458 99
459 99
460 99
461 99
462 99
463 99
464 99
465 99
466 99
467 99
468 99
469 99
470 99
471 99
472 99
473 99
474 99
475 99
476 99
477 99
478 99
479 99
480 99
481 99
482 99
483 99
484 99
485 99
486 99
487 99
488 99
489 99
490 99
491 99
492 99
493 99
494 99
495 99
496 99
497 99
498 99
499 99
500 99
501 99
502 99
503 99
504 99
505 99
506 99
507 99
508 99
509 99
510 99
511 99
512 99
513 99
514 99
515 99
516 99
517 99
518 99
519 99
520 99
521 99
522 99
523 99
524 99
525 99
526 99
527 99
528 99
529 99
530 99
531 99
532 99
533 99
534 99
535 99
536 99
537 99
538 99
539 99
540 99
541 99
542 99
543 99
544 99
545 99
546 99
547 99
548 99
549 99
550 99
551 99
552 99
553 99
554 99
555 99
556 99
557 99
558 99
559 99
560 99
561 99
562 99
563 99
564 99
565 99
566 99
567 99
568 99
569 99
570 99
571 99
572 99
573 99
574 99
575 99
576 99
577 99
578 99
579 99
580 99
581 99
582 99
583 99
584 99
585 99
586 99
587 99
588 99
589 99
590 99
591 99
592 99
593 99
594 99
595 99
596 99
597 99
598 99
599 99
600 99
601 99
602 99
603 99
604 99
605 99
606 99
607 99
608 99
609 99
610 99
611 99
612 99
613 99
614 99
615 99
616 99
617 99
618 99
619 99
620 99
621 99
622 99
623 99
624 99
625 99
626 99
627 99
628 99
629 99
630 99
631 99
632 99
633 99
634 99
635 99
636 99
637 99
638 99
639 99
640 99
641 99
642 99
643 99
644 99
645 99
646 99
647 99
648 99
649 99
650 99
651 99
652 99
653 99
654 99
655 99
656 99
657 99
658 99
659 99
660 99
661 99
662 99
663 99
664 99
665 99
666 99
667 99
668 99
669 99
670 99
671 99
672 99
673 99
674 99
675 99
676 99
677 99
678 99
679 99
680 99
681 99
682 99
683 99
684 99
685 99
686 99
687 99
688 99
689 99
690 99
691 99
692 99
693 99
694 99
695 99
696 99
697 99
698 99
699 99
700 99
701 99
702 99
703 99
704 99
705 99
706 99
707 99
708 99
709 99
710 99
711 99
712 99
713 99
714 99
715 99
716 99
717 99
718 99
719 99
720 99
721 99
722 99
723 99
724 99
725 99
726 99
727 99
728 99
729 99
730 99
731 99
732 99
733 99
734 99
735 99
736 99
737 99
738 99
739 99
740 99
741 99
742 99
743 99
744 99
745 99
746 99
747 99
748 99
749 99
750 99
751 99
752 99
753 99
754 99
755 99
756 99
757 99
758 99
759 99
760 99
761 99
762 99
763 99
764 99
765 99
766 99
767 99
768 99
769 99
770 99
771 99
772 99
773 99
774 99
775 99
776 99
777 99
778 99
779 99
780 99
781 99
782 99
783 99
784 99
785 99
786 99
787 99
788 99
789 99
790 99
791 99
792 99
793 99
794 99
795 99
796 99
797 99
798 99
799 99
800 99
801 99
802 99
803 99
804 99
805 99
806 99
807 99
808 99
809 99
810 99
811 99
812 99
813 99
814 99
815 99
816 99
817 99
818 99
819 99
820 99
821 99
822 99
823 99
824 99
825 99
826 99
827 99
828 99
829 99
830 99
831 99
832 99
833 99
834 99
835 99
836 99
837 99
838 99
839 99
840 99
841 99
842 99
843 99
844 99
845 99
846 99
847 99
848 99
849 99
850 99
851 99
852 99
853 99
854 99
855 99
856 99
857 99
858 99
859 99
860 99
861 99
862 99
863 99
864 99
865 99
866 99
867 99
868 99
869 99
870 99
871 99
872 99
873 99
874 99
875 99
876 99
877 99
878 99
879 99
880 99
881 99
882 99
883 99
884 99
885 99
886 99
887 99
888 99
889 99
890 99
891 99
892 99
893 99
894 99
895 99
896 99
897 99
898 99
899 99
900 99
901 99
902 99
903 99
904 99
905 99
906 99
907 99
908 99
909 99
910 99
911 99
912 99
913 99
914 99
915 99
916 99
917 99
918 99
919 99
920 99
921 99
922 99
923 99
924 100
925 100
926 100
927 100
928 100
929 100
930 100
931 100
932 100
933 100
934 100
935 100
936 100
937 100
938 100
939 100
940 100
941 100
942 100
943 100
944 100
945 100
946 100
947 100
948 100
949 100
950 100
951 100
952 100
953 100
954 100
955 100
956 100
957 100
958 100
959 100
960 100
961 100
962 100
963 100
964 100
965 100
966 100
967 100
968 100
969 100
970 100
971 100
972 100
973 100
974 100
975 100
976 100
977 100
978 100
979 100
980 100
981 100
982 100
983 100
984 100
985 100
986 100
987 100
988 100
989 100
990 100
991 100
992 100
993 100
994 100
995 100
996 100
997 100
998 100
999 100
